 0.00000000e+00  5.74204440e+05  0.00000000e+00  4.69263257e+05 
 1.00000000e-08  5.74204440e+05  1.00000000e-08  4.69263257e+05 
 2.00000000e-08  5.74204440e+05  2.00000000e-08  4.69263257e+05 
 4.00000000e-08  5.74204440e+05  4.00000000e-08  4.69263257e+05 
 8.00000000e-08  5.74204440e+05  8.00000000e-08  4.69263257e+05 
 1.60000000e-07  5.74204440e+05  1.60000000e-07  4.69263257e+05 
 3.20000000e-07  5.74204440e+05  3.20000000e-07  4.69263257e+05 
 6.40000000e-07  5.74204440e+05  6.40000000e-07  4.69263257e+05 
 1.00000000e-06  5.74204440e+05  1.00000000e-06  4.69263257e+05 
 1.00000010e-06  5.74204440e+05  1.00000010e-06  4.69263257e+05 
 1.00000030e-06  5.74204440e+05  1.00000030e-06  4.69263257e+05 
 1.00000070e-06  5.74204440e+05  1.00000070e-06  4.69263257e+05 
 1.00000100e-06  5.74204440e+05  1.00000100e-06  4.69263257e+05 
 1.00000108e-06  5.74204440e+05  1.00000108e-06  4.69263257e+05 
 1.00000124e-06  5.74204440e+05  1.00000124e-06  4.69263257e+05 
 1.00000156e-06  5.74204440e+05  1.00000156e-06  4.69263257e+05 
 1.00000220e-06  5.74204440e+05  1.00000220e-06  4.69263257e+05 
 1.00000348e-06  5.74204440e+05  1.00000348e-06  4.69263257e+05 
 1.00000604e-06  5.74204440e+05  1.00000604e-06  4.69263257e+05 
 1.00001116e-06  5.74204440e+05  1.00001116e-06  4.69263257e+05 
 1.00002140e-06  5.74204440e+05  1.00002140e-06  4.69263257e+05 
 1.00004188e-06  5.74204440e+05  1.00004188e-06  4.69263257e+05 
 1.00008284e-06  5.74204440e+05  1.00008284e-06  4.69263257e+05 
 1.00016476e-06  5.74204440e+05  1.00016476e-06  4.69263257e+05 
 1.00032860e-06  5.74204440e+05  1.00032860e-06  4.69263257e+05 
 1.00065628e-06  5.74204440e+05  1.00065628e-06  4.69263257e+05 
 1.00131164e-06  5.74204440e+05  1.00131164e-06  4.69263257e+05 
 1.00262236e-06  5.74204440e+05  1.00262236e-06  4.69263257e+05 
 1.00524380e-06  5.74204440e+05  1.00524380e-06  4.69263257e+05 
 1.01048668e-06  5.74204440e+05  1.01048668e-06  4.69263257e+05 
 1.02097244e-06  5.74204440e+05  1.02097244e-06  4.69263257e+05 
 1.04194396e-06  5.74204440e+05  1.04194396e-06  4.69263257e+05 
 1.08388700e-06  5.74204440e+05  1.08388700e-06  4.69263257e+05 
 1.16777308e-06  5.74204440e+05  1.16777308e-06  4.69263257e+05 
 1.33554524e-06  5.74204440e+05  1.33554524e-06  4.69263257e+05 
 1.67108956e-06  5.74204440e+05  1.67108956e-06  4.69263257e+05 
 2.14164424e-06  5.74204440e+05  2.14164424e-06  4.69263257e+05 
 2.98441520e-06  5.74204440e+05  2.98441520e-06  4.69263257e+05 
 3.98441520e-06  5.74204440e+05  3.98441520e-06  4.69263257e+05 
 4.98441520e-06  5.74204440e+05  4.98441520e-06  4.69263257e+05 
 5.98441520e-06  5.74204440e+05  5.98441520e-06  4.69263257e+05 
 6.98441520e-06  5.74204440e+05  6.98441520e-06  4.69263257e+05 
 7.98441520e-06  5.74204440e+05  7.98441520e-06  4.69263257e+05 
 8.98441520e-06  5.74204440e+05  8.98441520e-06  4.69263257e+05 
 9.98441520e-06  5.74204440e+05  9.98441520e-06  4.69263257e+05 
 1.09844152e-05  5.74204440e+05  1.09844152e-05  4.69263257e+05 
 1.19844152e-05  5.74204440e+05  1.19844152e-05  4.69263257e+05 
 1.29844152e-05  5.74204440e+05  1.29844152e-05  4.69263257e+05 
 1.39844152e-05  5.74204440e+05  1.39844152e-05  4.69263257e+05 
 1.49844152e-05  5.74204440e+05  1.49844152e-05  4.69263257e+05 
 1.59844152e-05  5.74204440e+05  1.59844152e-05  4.69263257e+05 
 1.69844152e-05  5.74204440e+05  1.69844152e-05  4.69263257e+05 
 1.79844152e-05  5.74204440e+05  1.79844152e-05  4.69263257e+05 
 1.89844152e-05  5.74204440e+05  1.89844152e-05  4.69263257e+05 
 1.99844152e-05  5.74204440e+05  1.99844152e-05  4.69263257e+05 
 2.09844152e-05  5.74204440e+05  2.09844152e-05  4.69263257e+05 
 2.19844152e-05  5.74204440e+05  2.19844152e-05  4.69263257e+05 
 2.29844152e-05  5.74204440e+05  2.29844152e-05  4.69263257e+05 
 2.39844152e-05  5.74204440e+05  2.39844152e-05  4.69263257e+05 
 2.49844152e-05  5.74204440e+05  2.49844152e-05  4.69263257e+05 
 2.59844152e-05  5.74204440e+05  2.59844152e-05  4.69263257e+05 
 2.69844152e-05  5.74204440e+05  2.69844152e-05  4.69263257e+05 
 2.79844152e-05  5.74204440e+05  2.79844152e-05  4.69263257e+05 
 2.89844152e-05  5.74204440e+05  2.89844152e-05  4.69263257e+05 
 2.99844152e-05  5.74204440e+05  2.99844152e-05  4.69263257e+05 
 3.09844152e-05  5.74204440e+05  3.09844152e-05  4.69263257e+05 
 3.19844152e-05  5.74204440e+05  3.19844152e-05  4.69263257e+05 
 3.29844152e-05  5.74204440e+05  3.29844152e-05  4.69263257e+05 
 3.39844152e-05  5.74204440e+05  3.39844152e-05  4.69263257e+05 
 3.49844152e-05  5.74204440e+05  3.49844152e-05  4.69263257e+05 
 3.59844152e-05  5.74204440e+05  3.59844152e-05  4.69263257e+05 
 3.69844152e-05  5.74204440e+05  3.69844152e-05  4.69263257e+05 
 3.79844152e-05  5.74204440e+05  3.79844152e-05  4.69263257e+05 
 3.89844152e-05  5.74204440e+05  3.89844152e-05  4.69263257e+05 
 3.99844152e-05  5.74204440e+05  3.99844152e-05  4.69263257e+05 
 4.09844152e-05  5.74204440e+05  4.09844152e-05  4.69263257e+05 
 4.19844152e-05  5.74204440e+05  4.19844152e-05  4.69263257e+05 
 4.29844152e-05  5.74204440e+05  4.29844152e-05  4.69263257e+05 
 4.39844152e-05  5.74204440e+05  4.39844152e-05  4.69263257e+05 
 4.49844152e-05  5.74204440e+05  4.49844152e-05  4.69263257e+05 
 4.59844152e-05  5.74204440e+05  4.59844152e-05  4.69263257e+05 
 4.69844152e-05  5.74204440e+05  4.69844152e-05  4.69263257e+05 
 4.79844152e-05  5.74204440e+05  4.79844152e-05  4.69263257e+05 
 4.89844152e-05  5.74204440e+05  4.89844152e-05  4.69263257e+05 
 4.99844152e-05  5.74204440e+05  4.99844152e-05  4.69263257e+05 
 5.09844152e-05  5.74204440e+05  5.09844152e-05  4.69263257e+05 
 5.19844152e-05  5.74204440e+05  5.19844152e-05  4.69263257e+05 
 5.29844152e-05  5.74204440e+05  5.29844152e-05  4.69263257e+05 
 5.39844152e-05  5.74204440e+05  5.39844152e-05  4.69263257e+05 
 5.49844152e-05  5.74204440e+05  5.49844152e-05  4.69263257e+05 
 5.59844152e-05  5.74204440e+05  5.59844152e-05  4.69263257e+05 
 5.69844152e-05  5.74204440e+05  5.69844152e-05  4.69263257e+05 
 5.79844152e-05  5.74204440e+05  5.79844152e-05  4.69263257e+05 
 5.89844152e-05  5.74204440e+05  5.89844152e-05  4.69263257e+05 
 5.99844152e-05  5.74204440e+05  5.99844152e-05  4.69263257e+05 
 6.09844152e-05  5.74204440e+05  6.09844152e-05  4.69263257e+05 
 6.19844152e-05  5.74204440e+05  6.19844152e-05  4.69263257e+05 
 6.29844152e-05  5.74204440e+05  6.29844152e-05  4.69263257e+05 
 6.39844152e-05  5.74204440e+05  6.39844152e-05  4.69263257e+05 
 6.49844152e-05  5.74204440e+05  6.49844152e-05  4.69263257e+05 
 6.59844152e-05  5.74204440e+05  6.59844152e-05  4.69263257e+05 
 6.69844152e-05  5.74204440e+05  6.69844152e-05  4.69263257e+05 
 6.79844152e-05  5.74204440e+05  6.79844152e-05  4.69263257e+05 
 6.89844152e-05  5.74204440e+05  6.89844152e-05  4.69263257e+05 
 6.99844152e-05  5.74204440e+05  6.99844152e-05  4.69263257e+05 
 7.09844152e-05  5.74204440e+05  7.09844152e-05  4.69263257e+05 
 7.19844152e-05  5.74204440e+05  7.19844152e-05  4.69263257e+05 
 7.29844152e-05  5.74204440e+05  7.29844152e-05  4.69263257e+05 
 7.39844152e-05  5.74204440e+05  7.39844152e-05  4.69263257e+05 
 7.49844152e-05  5.74204440e+05  7.49844152e-05  4.69263257e+05 
 7.59844152e-05  5.74204440e+05  7.59844152e-05  4.69263257e+05 
 7.69844152e-05  5.74204440e+05  7.69844152e-05  4.69263257e+05 
 7.79844152e-05  5.74204440e+05  7.79844152e-05  4.69263257e+05 
 7.89844152e-05  5.74204440e+05  7.89844152e-05  4.69263257e+05 
 7.99844152e-05  5.74204440e+05  7.99844152e-05  4.69263257e+05 
 8.09844152e-05  5.74204440e+05  8.09844152e-05  4.69263257e+05 
 8.19844152e-05  5.74204440e+05  8.19844152e-05  4.69263257e+05 
 8.29844152e-05  5.74204440e+05  8.29844152e-05  4.69263257e+05 
 8.39844152e-05  5.74204440e+05  8.39844152e-05  4.69263257e+05 
 8.49844152e-05  5.74204440e+05  8.49844152e-05  4.69263257e+05 
 8.59844152e-05  5.74204440e+05  8.59844152e-05  4.69263257e+05 
 8.69844152e-05  5.74204440e+05  8.69844152e-05  4.69263257e+05 
 8.79844152e-05  5.74204440e+05  8.79844152e-05  4.69263257e+05 
 8.89844152e-05  5.74204440e+05  8.89844152e-05  4.69263257e+05 
 8.99844152e-05  5.74204440e+05  8.99844152e-05  4.69263257e+05 
 9.09844152e-05  5.74204440e+05  9.09844152e-05  4.69263257e+05 
 9.19844152e-05  5.74204440e+05  9.19844152e-05  4.69263257e+05 
 9.29844152e-05  5.74204440e+05  9.29844152e-05  4.69263257e+05 
 9.39844152e-05  5.74204440e+05  9.39844152e-05  4.69263257e+05 
 9.49844152e-05  5.74204440e+05  9.49844152e-05  4.69263257e+05 
 9.59844152e-05  5.74204440e+05  9.59844152e-05  4.69263257e+05 
 9.69844152e-05  5.74204440e+05  9.69844152e-05  4.69263257e+05 
 9.79844152e-05  5.74204440e+05  9.79844152e-05  4.69263257e+05 
 9.89844152e-05  5.74204440e+05  9.89844152e-05  4.69263257e+05 
 9.99844152e-05  5.74204440e+05  9.99844152e-05  4.69263257e+05 
 1.00984415e-04  5.74204440e+05  1.00984415e-04  4.69263257e+05 
 1.01984415e-04  5.74204440e+05  1.01984415e-04  4.69263257e+05 
 1.02984415e-04  5.74204440e+05  1.02984415e-04  4.69263257e+05 
 1.03984415e-04  5.74204440e+05  1.03984415e-04  4.69263257e+05 
 1.04984415e-04  5.74204440e+05  1.04984415e-04  4.69263257e+05 
 1.05984415e-04  5.74204440e+05  1.05984415e-04  4.69263257e+05 
 1.06984415e-04  5.74204440e+05  1.06984415e-04  4.69263257e+05 
 1.07984415e-04  5.74204440e+05  1.07984415e-04  4.69263257e+05 
 1.08984415e-04  5.74204440e+05  1.08984415e-04  4.69263257e+05 
 1.09984415e-04  5.74204440e+05  1.09984415e-04  4.69263257e+05 
 1.10984415e-04  5.74204440e+05  1.10984415e-04  4.69263257e+05 
 1.11984415e-04  5.74204440e+05  1.11984415e-04  4.69263257e+05 
 1.12984415e-04  5.74204440e+05  1.12984415e-04  4.69263257e+05 
 1.13984415e-04  5.74204440e+05  1.13984415e-04  4.69263257e+05 
 1.14984415e-04  5.74204440e+05  1.14984415e-04  4.69263257e+05 
 1.15984415e-04  5.74204440e+05  1.15984415e-04  4.69263257e+05 
 1.16984415e-04  5.74204440e+05  1.16984415e-04  4.69263257e+05 
 1.17984415e-04  5.74204440e+05  1.17984415e-04  4.69263257e+05 
 1.18984415e-04  5.74204440e+05  1.18984415e-04  4.69263257e+05 
 1.19984415e-04  5.74204440e+05  1.19984415e-04  4.69263257e+05 
 1.20984415e-04  5.74204440e+05  1.20984415e-04  4.69263257e+05 
 1.21984415e-04  5.74204440e+05  1.21984415e-04  4.69263257e+05 
 1.22984415e-04  5.74204440e+05  1.22984415e-04  4.69263257e+05 
 1.23984415e-04  5.74204440e+05  1.23984415e-04  4.69263257e+05 
 1.24984415e-04  5.74204440e+05  1.24984415e-04  4.69263257e+05 
 1.25984415e-04  5.74204440e+05  1.25984415e-04  4.69263257e+05 
 1.26984415e-04  5.74204440e+05  1.26984415e-04  4.69263257e+05 
 1.27984415e-04  5.74204440e+05  1.27984415e-04  4.69263257e+05 
 1.28984415e-04  5.74204440e+05  1.28984415e-04  4.69263257e+05 
 1.29984415e-04  5.74204440e+05  1.29984415e-04  4.69263257e+05 
 1.30984415e-04  5.74204440e+05  1.30984415e-04  4.69263257e+05 
 1.31984415e-04  5.74204440e+05  1.31984415e-04  4.69263257e+05 
 1.32984415e-04  5.74204440e+05  1.32984415e-04  4.69263257e+05 
 1.33984415e-04  5.74204440e+05  1.33984415e-04  4.69263257e+05 
 1.34984415e-04  5.74204440e+05  1.34984415e-04  4.69263257e+05 
 1.35984415e-04  5.74204440e+05  1.35984415e-04  4.69263257e+05 
 1.36984415e-04  5.74204440e+05  1.36984415e-04  4.69263257e+05 
 1.37984415e-04  5.74204440e+05  1.37984415e-04  4.69263257e+05 
 1.38984415e-04  5.74204440e+05  1.38984415e-04  4.69263257e+05 
 1.39984415e-04  5.74204440e+05  1.39984415e-04  4.69263257e+05 
 1.40984415e-04  5.74204440e+05  1.40984415e-04  4.69263257e+05 
 1.41984415e-04  5.74204440e+05  1.41984415e-04  4.69263257e+05 
 1.42984415e-04  5.74204440e+05  1.42984415e-04  4.69263257e+05 
 1.43984415e-04  5.74204440e+05  1.43984415e-04  4.69263257e+05 
 1.44984415e-04  5.74204440e+05  1.44984415e-04  4.69263257e+05 
 1.45984415e-04  5.74204440e+05  1.45984415e-04  4.69263257e+05 
 1.46984415e-04  5.74204440e+05  1.46984415e-04  4.69263257e+05 
 1.47984415e-04  5.74204440e+05  1.47984415e-04  4.69263257e+05 
 1.48984415e-04  5.74204440e+05  1.48984415e-04  4.69263257e+05 
 1.49984415e-04  5.74204440e+05  1.49984415e-04  4.69263257e+05 
 1.50984415e-04  5.74204440e+05  1.50984415e-04  4.69263257e+05 
 1.51984415e-04  5.74204440e+05  1.51984415e-04  4.69263257e+05 
 1.52984415e-04  5.74204440e+05  1.52984415e-04  4.69263257e+05 
 1.53984415e-04  5.74204440e+05  1.53984415e-04  4.69263257e+05 
 1.54984415e-04  5.74204440e+05  1.54984415e-04  4.69263257e+05 
 1.55984415e-04  5.74204440e+05  1.55984415e-04  4.69263257e+05 
 1.56984415e-04  5.74204440e+05  1.56984415e-04  4.69263257e+05 
 1.57984415e-04  5.74204440e+05  1.57984415e-04  4.69263257e+05 
 1.58984415e-04  5.74204440e+05  1.58984415e-04  4.69263257e+05 
 1.59984415e-04  5.74204440e+05  1.59984415e-04  4.69263257e+05 
 1.60984415e-04  5.74204440e+05  1.60984415e-04  4.69263257e+05 
 1.61984415e-04  5.74204440e+05  1.61984415e-04  4.69263257e+05 
 1.62984415e-04  5.74204440e+05  1.62984415e-04  4.69263257e+05 
 1.63984415e-04  5.74204440e+05  1.63984415e-04  4.69263257e+05 
 1.64984415e-04  5.74204440e+05  1.64984415e-04  4.69263257e+05 
 1.65984415e-04  5.74204440e+05  1.65984415e-04  4.69263257e+05 
 1.66984415e-04  5.74204440e+05  1.66984415e-04  4.69263257e+05 
 1.67984415e-04  5.74204440e+05  1.67984415e-04  4.69263257e+05 
 1.68984415e-04  5.74204440e+05  1.68984415e-04  4.69263257e+05 
 1.69984415e-04  5.74204440e+05  1.69984415e-04  4.69263257e+05 
 1.70984415e-04  5.74204440e+05  1.70984415e-04  4.69263257e+05 
 1.71984415e-04  5.74204440e+05  1.71984415e-04  4.69263257e+05 
 1.72984415e-04  5.74204440e+05  1.72984415e-04  4.69263257e+05 
 1.73984415e-04  5.74204440e+05  1.73984415e-04  4.69263257e+05 
 1.74984415e-04  5.74204440e+05  1.74984415e-04  4.69263257e+05 
 1.75984415e-04  5.74204440e+05  1.75984415e-04  4.69263257e+05 
 1.76984415e-04  5.74204440e+05  1.76984415e-04  4.69263257e+05 
 1.77984415e-04  5.74204440e+05  1.77984415e-04  4.69263257e+05 
 1.78984415e-04  5.74204440e+05  1.78984415e-04  4.69263257e+05 
 1.79984415e-04  5.74204440e+05  1.79984415e-04  4.69263257e+05 
 1.80984415e-04  5.74204440e+05  1.80984415e-04  4.69263257e+05 
 1.81984415e-04  5.74204440e+05  1.81984415e-04  4.69263257e+05 
 1.82984415e-04  5.74204440e+05  1.82984415e-04  4.69263257e+05 
 1.83984415e-04  5.74204440e+05  1.83984415e-04  4.69263257e+05 
 1.84984415e-04  5.74204440e+05  1.84984415e-04  4.69263257e+05 
 1.85984415e-04  5.74204440e+05  1.85984415e-04  4.69263257e+05 
 1.86984415e-04  5.74204440e+05  1.86984415e-04  4.69263257e+05 
 1.87984415e-04  5.74204440e+05  1.87984415e-04  4.69263257e+05 
 1.88984415e-04  5.74204440e+05  1.88984415e-04  4.69263257e+05 
 1.89984415e-04  5.74204440e+05  1.89984415e-04  4.69263257e+05 
 1.90984415e-04  5.74204440e+05  1.90984415e-04  4.69263257e+05 
 1.91984415e-04  5.74204440e+05  1.91984415e-04  4.69263257e+05 
 1.92984415e-04  5.74204440e+05  1.92984415e-04  4.69263257e+05 
 1.93984415e-04  5.74204440e+05  1.93984415e-04  4.69263257e+05 
 1.94984415e-04  5.74204440e+05  1.94984415e-04  4.69263257e+05 
 1.95984415e-04  5.74204440e+05  1.95984415e-04  4.69263257e+05 
 1.96984415e-04  5.74204440e+05  1.96984415e-04  4.69263257e+05 
 1.97984415e-04  5.74204440e+05  1.97984415e-04  4.69263257e+05 
 1.98984415e-04  5.74204440e+05  1.98984415e-04  4.69263257e+05 
 1.99984415e-04  5.74204440e+05  1.99984415e-04  4.69263257e+05 
 2.00984415e-04  5.74204440e+05  2.00984415e-04  4.69263257e+05 
 2.01000001e-04  5.74204440e+05  2.01000001e-04  4.69263257e+05 
 2.01000001e-04  5.74204440e+05  2.01000001e-04  4.69263257e+05 
 2.01000001e-04  5.74204440e+05  2.01000001e-04  4.69263257e+05 
 2.01000002e-04  5.74204440e+05  2.01000002e-04  4.69263257e+05 
 2.01000002e-04  5.74204440e+05  2.01000002e-04  4.69263257e+05 
 2.01000002e-04  5.74204440e+05  2.01000002e-04  4.69263257e+05 
 2.01000002e-04  5.74204440e+05  2.01000002e-04  4.69263257e+05 
 2.01000003e-04  5.74204440e+05  2.01000003e-04  4.69263257e+05 
 2.01000003e-04  5.74204440e+05  2.01000003e-04  4.69263257e+05 
 2.01000004e-04  5.74204440e+05  2.01000004e-04  4.69263257e+05 
 2.01000007e-04  5.74204440e+05  2.01000007e-04  4.69263257e+05 
 2.01000012e-04  5.74204440e+05  2.01000012e-04  4.69263257e+05 
 2.01000022e-04  5.74204440e+05  2.01000022e-04  4.69263257e+05 
 2.01000043e-04  5.74204440e+05  2.01000043e-04  4.69263257e+05 
 2.01000084e-04  5.74204440e+05  2.01000084e-04  4.69263257e+05 
 2.01000166e-04  5.74204440e+05  2.01000166e-04  4.69263257e+05 
 2.01000330e-04  5.74204440e+05  2.01000330e-04  4.69263257e+05 
 2.01000657e-04  5.74204440e+05  2.01000657e-04  4.69263257e+05 
 2.01001313e-04  5.74204440e+05  2.01001313e-04  4.69263257e+05 
 2.01002623e-04  5.74204440e+05  2.01002623e-04  4.69263257e+05 
 2.01005245e-04  5.74204440e+05  2.01005245e-04  4.69263257e+05 
 2.01010488e-04  5.74204440e+05  2.01010488e-04  4.69263257e+05 
 2.01020973e-04  5.74204440e+05  2.01020973e-04  4.69263257e+05 
 2.01041945e-04  5.74204440e+05  2.01041945e-04  4.69263257e+05 
 2.01083888e-04  5.74204440e+05  2.01083888e-04  4.69263257e+05 
 2.01167774e-04  5.74204440e+05  2.01167774e-04  4.69263257e+05 
 2.01335546e-04  5.74204440e+05  2.01335546e-04  4.69263257e+05 
 2.01377489e-04  5.74204440e+05  2.01377489e-04  4.69263257e+05 
 2.01461375e-04  5.74204440e+05  2.01461375e-04  4.69263257e+05 
 2.01629148e-04  5.74204440e+05  2.01629148e-04  4.69263257e+05 
 2.01823516e-04  5.74204440e+05  2.01823516e-04  4.69263257e+05 
 2.02105786e-04  5.74204440e+05  2.02105786e-04  4.69263257e+05 
 2.02414882e-04  5.74204440e+05  2.02414882e-04  4.69263257e+05 
 2.03033074e-04  5.74204440e+05  2.03033074e-04  4.69263257e+05 
 2.03636207e-04  5.74204440e+05  2.03636207e-04  4.69263257e+05 
 2.04636207e-04  5.74204440e+05  2.04636207e-04  4.69263257e+05 
 2.05636207e-04  5.74204440e+05  2.05636207e-04  4.69263257e+05 
 2.06636207e-04  5.74204440e+05  2.06636207e-04  4.69263257e+05 
 2.07636207e-04  5.74204440e+05  2.07636207e-04  4.69263257e+05 
 2.08636207e-04  5.74204440e+05  2.08636207e-04  4.69263257e+05 
 2.09636207e-04  5.74204440e+05  2.09636207e-04  4.69263257e+05 
 2.10636207e-04  5.74204440e+05  2.10636207e-04  4.69263257e+05 
 2.11636207e-04  5.74204440e+05  2.11636207e-04  4.69263257e+05 
 2.12636207e-04  5.74204440e+05  2.12636207e-04  4.69263257e+05 
 2.13636207e-04  5.74204440e+05  2.13636207e-04  4.69263257e+05 
 2.14636207e-04  5.74204440e+05  2.14636207e-04  4.69263257e+05 
 2.15636207e-04  5.74204440e+05  2.15636207e-04  4.69263257e+05 
 2.16636207e-04  5.74204440e+05  2.16636207e-04  4.69263257e+05 
 2.17636207e-04  5.74204440e+05  2.17636207e-04  4.69263257e+05 
 2.18636207e-04  5.74204440e+05  2.18636207e-04  4.69263257e+05 
 2.19636207e-04  5.74204440e+05  2.19636207e-04  4.69263257e+05 
 2.20636207e-04  5.74204440e+05  2.20636207e-04  4.69263257e+05 
 2.21636207e-04  5.74204440e+05  2.21636207e-04  4.69263257e+05 
 2.22636207e-04  5.74204440e+05  2.22636207e-04  4.69263257e+05 
 2.23636207e-04  5.74204440e+05  2.23636207e-04  4.69263257e+05 
 2.24636207e-04  5.74204440e+05  2.24636207e-04  4.69263257e+05 
 2.25636207e-04  5.74204440e+05  2.25636207e-04  4.69263257e+05 
 2.26636207e-04  5.74204440e+05  2.26636207e-04  4.69263257e+05 
 2.27636207e-04  5.74204440e+05  2.27636207e-04  4.69263257e+05 
 2.28636207e-04  5.74204440e+05  2.28636207e-04  4.69263257e+05 
 2.29636207e-04  5.74204440e+05  2.29636207e-04  4.69263257e+05 
 2.30636207e-04  5.74204440e+05  2.30636207e-04  4.69263257e+05 
 2.31636207e-04  5.74204440e+05  2.31636207e-04  4.69263257e+05 
 2.32636207e-04  5.74204440e+05  2.32636207e-04  4.69263257e+05 
 2.33636207e-04  5.74204440e+05  2.33636207e-04  4.69263257e+05 
 2.34636207e-04  5.74204440e+05  2.34636207e-04  4.69263257e+05 
 2.35636207e-04  5.74204440e+05  2.35636207e-04  4.69263257e+05 
 2.36636207e-04  5.74204440e+05  2.36636207e-04  4.69263257e+05 
 2.37636207e-04  5.74204440e+05  2.37636207e-04  4.69263257e+05 
 2.38636207e-04  5.74204440e+05  2.38636207e-04  4.69263257e+05 
 2.39636207e-04  5.74204440e+05  2.39636207e-04  4.69263257e+05 
 2.40636207e-04  5.74204440e+05  2.40636207e-04  4.69263257e+05 
 2.41636207e-04  5.74204440e+05  2.41636207e-04  4.69263257e+05 
 2.42636207e-04  5.74204440e+05  2.42636207e-04  4.69263257e+05 
 2.43636207e-04  5.74204440e+05  2.43636207e-04  4.69263257e+05 
 2.44636207e-04  5.74204440e+05  2.44636207e-04  4.69263257e+05 
 2.45636207e-04  5.74204440e+05  2.45636207e-04  4.69263257e+05 
 2.46636207e-04  5.74204440e+05  2.46636207e-04  4.69263257e+05 
 2.47636207e-04  5.74204440e+05  2.47636207e-04  4.69263257e+05 
 2.48636207e-04  5.74204440e+05  2.48636207e-04  4.69263257e+05 
 2.49636207e-04  5.74204440e+05  2.49636207e-04  4.69263257e+05 
 2.50636207e-04  5.74204440e+05  2.50636207e-04  4.69263257e+05 
 2.51636207e-04  5.74204440e+05  2.51636207e-04  4.69263257e+05 
 2.52636207e-04  5.74204440e+05  2.52636207e-04  4.69263257e+05 
 2.53636207e-04  5.74204440e+05  2.53636207e-04  4.69263257e+05 
 2.54636207e-04  5.74204440e+05  2.54636207e-04  4.69263257e+05 
 2.55636207e-04  5.74204440e+05  2.55636207e-04  4.69263257e+05 
 2.56636207e-04  5.74204440e+05  2.56636207e-04  4.69263257e+05 
 2.57636207e-04  5.74204440e+05  2.57636207e-04  4.69263257e+05 
 2.58636207e-04  5.74204440e+05  2.58636207e-04  4.69263257e+05 
 2.59636207e-04  5.74204440e+05  2.59636207e-04  4.69263257e+05 
 2.60636207e-04  5.74204440e+05  2.60636207e-04  4.69263257e+05 
 2.61636207e-04  5.74204440e+05  2.61636207e-04  4.69263257e+05 
 2.62636207e-04  5.74204440e+05  2.62636207e-04  4.69263257e+05 
 2.63636207e-04  5.74204440e+05  2.63636207e-04  4.69263257e+05 
 2.64636207e-04  5.74204440e+05  2.64636207e-04  4.69263257e+05 
 2.65636207e-04  5.74204440e+05  2.65636207e-04  4.69263257e+05 
 2.66636207e-04  5.74204440e+05  2.66636207e-04  4.69263257e+05 
 2.67636207e-04  5.74204440e+05  2.67636207e-04  4.69263257e+05 
 2.68636207e-04  5.74204440e+05  2.68636207e-04  4.69263257e+05 
 2.69636207e-04  5.74204440e+05  2.69636207e-04  4.69263257e+05 
 2.70636207e-04  5.74204440e+05  2.70636207e-04  4.69263257e+05 
 2.71636207e-04  5.74204440e+05  2.71636207e-04  4.69263257e+05 
 2.72636207e-04  5.74204440e+05  2.72636207e-04  4.69263257e+05 
 2.73636207e-04  5.74204440e+05  2.73636207e-04  4.69263257e+05 
 2.74636207e-04  5.74204440e+05  2.74636207e-04  4.69263257e+05 
 2.75636207e-04  5.74204440e+05  2.75636207e-04  4.69263257e+05 
 2.76636207e-04  5.74204440e+05  2.76636207e-04  4.69263257e+05 
 2.77636207e-04  5.74204440e+05  2.77636207e-04  4.69263257e+05 
 2.78636207e-04  5.74204440e+05  2.78636207e-04  4.69263257e+05 
 2.79636207e-04  5.74204440e+05  2.79636207e-04  4.69263257e+05 
 2.80636207e-04  5.74204440e+05  2.80636207e-04  4.69263257e+05 
 2.81636207e-04  5.74204440e+05  2.81636207e-04  4.69263257e+05 
 2.82636207e-04  5.74204440e+05  2.82636207e-04  4.69263257e+05 
 2.83636207e-04  5.74204440e+05  2.83636207e-04  4.69263257e+05 
 2.84636207e-04  5.74204440e+05  2.84636207e-04  4.69263257e+05 
 2.85636207e-04  5.74204440e+05  2.85636207e-04  4.69263257e+05 
 2.86636207e-04  5.74204440e+05  2.86636207e-04  4.69263257e+05 
 2.87636207e-04  5.74204440e+05  2.87636207e-04  4.69263257e+05 
 2.88636207e-04  5.74204440e+05  2.88636207e-04  4.69263257e+05 
 2.89636207e-04  5.74204440e+05  2.89636207e-04  4.69263257e+05 
 2.90636207e-04  5.74204440e+05  2.90636207e-04  4.69263257e+05 
 2.91636207e-04  5.74204440e+05  2.91636207e-04  4.69263257e+05 
 2.92636207e-04  5.74204440e+05  2.92636207e-04  4.69263257e+05 
 2.93636207e-04  5.74204440e+05  2.93636207e-04  4.69263257e+05 
 2.94636207e-04  5.74204440e+05  2.94636207e-04  4.69263257e+05 
 2.95636207e-04  5.74204440e+05  2.95636207e-04  4.69263257e+05 
 2.96636207e-04  5.74204440e+05  2.96636207e-04  4.69263257e+05 
 2.97636207e-04  5.74204440e+05  2.97636207e-04  4.69263257e+05 
 2.98636207e-04  5.74204440e+05  2.98636207e-04  4.69263257e+05 
 2.99636207e-04  5.74204440e+05  2.99636207e-04  4.69263257e+05 
 3.00636207e-04  5.74204440e+05  3.00636207e-04  4.69263257e+05 
 3.01636207e-04  5.74204440e+05  3.01636207e-04  4.69263257e+05 
 3.02636207e-04  5.74204440e+05  3.02636207e-04  4.69263257e+05 
 3.03636207e-04  5.74204440e+05  3.03636207e-04  4.69263257e+05 
 3.04636207e-04  5.74204440e+05  3.04636207e-04  4.69263257e+05 
 3.05636207e-04  5.74204440e+05  3.05636207e-04  4.69263257e+05 
 3.06636207e-04  5.74204440e+05  3.06636207e-04  4.69263257e+05 
 3.07636207e-04  5.74204440e+05  3.07636207e-04  4.69263257e+05 
 3.08636207e-04  5.74204440e+05  3.08636207e-04  4.69263257e+05 
 3.09636207e-04  5.74204440e+05  3.09636207e-04  4.69263257e+05 
 3.10636207e-04  5.74204440e+05  3.10636207e-04  4.69263257e+05 
 3.11636207e-04  5.74204440e+05  3.11636207e-04  4.69263257e+05 
 3.12636207e-04  5.74204440e+05  3.12636207e-04  4.69263257e+05 
 3.13636207e-04  5.74204440e+05  3.13636207e-04  4.69263257e+05 
 3.14636207e-04  5.74204440e+05  3.14636207e-04  4.69263257e+05 
 3.15636207e-04  5.74204440e+05  3.15636207e-04  4.69263257e+05 
 3.16636207e-04  5.74204440e+05  3.16636207e-04  4.69263257e+05 
 3.17636207e-04  5.74204440e+05  3.17636207e-04  4.69263257e+05 
 3.18636207e-04  5.74204440e+05  3.18636207e-04  4.69263257e+05 
 3.19636207e-04  5.74204440e+05  3.19636207e-04  4.69263257e+05 
 3.20636207e-04  5.74204440e+05  3.20636207e-04  4.69263257e+05 
 3.21636207e-04  5.74204440e+05  3.21636207e-04  4.69263257e+05 
 3.22636207e-04  5.74204440e+05  3.22636207e-04  4.69263257e+05 
 3.23636207e-04  5.74204440e+05  3.23636207e-04  4.69263257e+05 
 3.24636207e-04  5.74204440e+05  3.24636207e-04  4.69263257e+05 
 3.25636207e-04  5.74204440e+05  3.25636207e-04  4.69263257e+05 
 3.26636207e-04  5.74204440e+05  3.26636207e-04  4.69263257e+05 
 3.27636207e-04  5.74204440e+05  3.27636207e-04  4.69263257e+05 
 3.28636207e-04  5.74204440e+05  3.28636207e-04  4.69263257e+05 
 3.29636207e-04  5.74204440e+05  3.29636207e-04  4.69263257e+05 
 3.30636207e-04  5.74204440e+05  3.30636207e-04  4.69263257e+05 
 3.31636207e-04  5.74204440e+05  3.31636207e-04  4.69263257e+05 
 3.32636207e-04  5.74204440e+05  3.32636207e-04  4.69263257e+05 
 3.33636207e-04  5.74204440e+05  3.33636207e-04  4.69263257e+05 
 3.34636207e-04  5.74204440e+05  3.34636207e-04  4.69263257e+05 
 3.35636207e-04  5.74204440e+05  3.35636207e-04  4.69263257e+05 
 3.36636207e-04  5.74204440e+05  3.36636207e-04  4.69263257e+05 
 3.37636207e-04  5.74204440e+05  3.37636207e-04  4.69263257e+05 
 3.38636207e-04  5.74204440e+05  3.38636207e-04  4.69263257e+05 
 3.39636207e-04  5.74204440e+05  3.39636207e-04  4.69263257e+05 
 3.40636207e-04  5.74204440e+05  3.40636207e-04  4.69263257e+05 
 3.41636207e-04  5.74204440e+05  3.41636207e-04  4.69263257e+05 
 3.42636207e-04  5.74204440e+05  3.42636207e-04  4.69263257e+05 
 3.43636207e-04  5.74204440e+05  3.43636207e-04  4.69263257e+05 
 3.44636207e-04  5.74204440e+05  3.44636207e-04  4.69263257e+05 
 3.45636207e-04  5.74204440e+05  3.45636207e-04  4.69263257e+05 
 3.46636207e-04  5.74204440e+05  3.46636207e-04  4.69263257e+05 
 3.47636207e-04  5.74204440e+05  3.47636207e-04  4.69263257e+05 
 3.48636207e-04  5.74204440e+05  3.48636207e-04  4.69263257e+05 
 3.49636207e-04  5.74204440e+05  3.49636207e-04  4.69263257e+05 
 3.50636207e-04  5.74204440e+05  3.50636207e-04  4.69263257e+05 
 3.51636207e-04  5.74204440e+05  3.51636207e-04  4.69263257e+05 
 3.52636207e-04  5.74204440e+05  3.52636207e-04  4.69263257e+05 
 3.53636207e-04  5.74204440e+05  3.53636207e-04  4.69263257e+05 
 3.54636207e-04  5.74204440e+05  3.54636207e-04  4.69263257e+05 
 3.55636207e-04  5.74204440e+05  3.55636207e-04  4.69263257e+05 
 3.56636207e-04  5.74204440e+05  3.56636207e-04  4.69263257e+05 
 3.57636207e-04  5.74204440e+05  3.57636207e-04  4.69263257e+05 
 3.58636207e-04  5.74204440e+05  3.58636207e-04  4.69263257e+05 
 3.59636207e-04  5.74204440e+05  3.59636207e-04  4.69263257e+05 
 3.60636207e-04  5.74204440e+05  3.60636207e-04  4.69263257e+05 
 3.61636207e-04  5.74204440e+05  3.61636207e-04  4.69263257e+05 
 3.62636207e-04  5.74204440e+05  3.62636207e-04  4.69263257e+05 
 3.63636207e-04  5.74204440e+05  3.63636207e-04  4.69263257e+05 
 3.64636207e-04  5.74204440e+05  3.64636207e-04  4.69263257e+05 
 3.65636207e-04  5.74204440e+05  3.65636207e-04  4.69263257e+05 
 3.66636207e-04  5.74204440e+05  3.66636207e-04  4.69263257e+05 
 3.67636207e-04  5.74204440e+05  3.67636207e-04  4.69263257e+05 
 3.68636207e-04  5.74204440e+05  3.68636207e-04  4.69263257e+05 
 3.69636207e-04  5.74204440e+05  3.69636207e-04  4.69263257e+05 
 3.70636207e-04  5.74204440e+05  3.70636207e-04  4.69263257e+05 
 3.71636207e-04  5.74204440e+05  3.71636207e-04  4.69263257e+05 
 3.72636207e-04  5.74204440e+05  3.72636207e-04  4.69263257e+05 
 3.73636207e-04  5.74204440e+05  3.73636207e-04  4.69263257e+05 
 3.74636207e-04  5.74204440e+05  3.74636207e-04  4.69263257e+05 
 3.75636207e-04  5.74204440e+05  3.75636207e-04  4.69263257e+05 
 3.76636207e-04  5.74204440e+05  3.76636207e-04  4.69263257e+05 
 3.77636207e-04  5.74204440e+05  3.77636207e-04  4.69263257e+05 
 3.78636207e-04  5.74204440e+05  3.78636207e-04  4.69263257e+05 
 3.79636207e-04  5.74204440e+05  3.79636207e-04  4.69263257e+05 
 3.80636207e-04  5.74204440e+05  3.80636207e-04  4.69263257e+05 
 3.81636207e-04  5.74204440e+05  3.81636207e-04  4.69263257e+05 
 3.82636207e-04  5.74204440e+05  3.82636207e-04  4.69263257e+05 
 3.83636207e-04  5.74204440e+05  3.83636207e-04  4.69263257e+05 
 3.84636207e-04  5.74204440e+05  3.84636207e-04  4.69263257e+05 
 3.85636207e-04  5.74204440e+05  3.85636207e-04  4.69263257e+05 
 3.86636207e-04  5.74204440e+05  3.86636207e-04  4.69263257e+05 
 3.87636207e-04  5.74204440e+05  3.87636207e-04  4.69263257e+05 
 3.88636207e-04  5.74204440e+05  3.88636207e-04  4.69263257e+05 
 3.89636207e-04  5.74204440e+05  3.89636207e-04  4.69263257e+05 
 3.90636207e-04  5.74204440e+05  3.90636207e-04  4.69263257e+05 
 3.91636207e-04  5.74204440e+05  3.91636207e-04  4.69263257e+05 
 3.92636207e-04  5.74204440e+05  3.92636207e-04  4.69263257e+05 
 3.93636207e-04  5.74204440e+05  3.93636207e-04  4.69263257e+05 
 3.94636207e-04  5.74204440e+05  3.94636207e-04  4.69263257e+05 
 3.95636207e-04  5.74204440e+05  3.95636207e-04  4.69263257e+05 
 3.96636207e-04  5.74204440e+05  3.96636207e-04  4.69263257e+05 
 3.97636207e-04  5.74204440e+05  3.97636207e-04  4.69263257e+05 
 3.98636207e-04  5.74204440e+05  3.98636207e-04  4.69263257e+05 
 3.99636207e-04  5.74204440e+05  3.99636207e-04  4.69263257e+05 
 4.00636207e-04  5.74204440e+05  4.00636207e-04  4.69263257e+05 
 4.01000000e-04  5.74204440e+05  4.01000000e-04  4.69263257e+05 
